Kenya
0 38
3 3
34.1
011
111
001
China
36 104
16 22
12.1
0000000000000000111000
0000000000000001111100
0000111000000001111111
0001111000000001111111
0001111110000011111110
0011111111111111111110
1111111111111111111000
1111111111111111110000
0111111111111111100000
0011111111111111110000
0011111111111111110000
0000111111111111110000
0000000001111111100000
0000000001111111000000
0000000000000100000000
0000000000000100000000
Russia
62 105
4 9
12.7
000011000
011111111
111111010
010000000
Brazil
-14 -52
7 7
14.5
0111100
1111111
1111110
0011110
0011100
0001000
0001000
Poland
52 19
3 2
10.0
10
11
11
South Africa
-31 23
4 3
20.4
001
011
111
100
Nigeria
9 9
6 7
39.1
0100000
0111111
0111110
1111110
1111000
0011000
France
46 2
3 3
12.2
111
111
110
Pakistan
30 69
8 8
28.8
00000010
00000111
00001100
00001110
00111100
11111000
01110000
11111000
Ethiopia
9 40
4 5
31.9
11100
11100
11111
01100
Somalia
5 46
1 1
43.4
1
India
19 76
17 21
19.7
000000001000000000011
000111111110001001111
011111111111101101111
001111111111111111110
011111111111111001100
111111111111111011100
011111111111111001000
001111111111110000000
000111111111100000000
000011111111000000000
000011111110000000000
000011111000000000000
000001111000000000000
000001111000000000100
000110111000000000000
000000111000000000000
000000110000000000100
Canada
52 -96
3 3
10.8
010
111
001
Japan
36 138
8 7
8.17
0000011
0000110
0000100
0000100
0001100
0111100
1110000
1000000
United Kingdom
55 -3
5 4
12.6
0110
0100
1010
0011
0100
Egypt
27 31
4 4
27.3
0001
1110
1111
1111
Turkey
39 35
3 5
16.5
01000
11111
11110
Democratic Republic of the Congo
-4 22
5 4
41.5
0010
0111
1110
0011
0001
Myanmar
22 96
5 2
17.5
10
11
10
11
01
Spain
40 -4
3 3
8.9
100
111
110
Peru
-9 -75
2 3
19.6
110
011
El Salvador
14 -89
1 1
17.2
1
Syria
35 39
2 2
22.5
01
10
Cambodia
13 105
1 2
23.8
11
Italy
42 13
4 4
8.38
1110
0010
0101
0011
Iraq
33 44
3 2
34.2
11
11
01
United States of America
37 -96
5 11
12.5
11111111001
11111111110
11111111100
11111111100
00011111000
Mexico
24 -96
5 8
18.5
10000000
01111000
00111100
00011001
00001111
Germany
51 10
4 4
8.51
0110
1111
0110
0110
Indonesia
-1 114
4 13
19.6
1001010000000
1111111111110
0110011101111
0001111111011
Argentina
-38 -64
5 3
17.4
001
011
010
100
010
Sweden
60 19
1 1
12.2
1
Bangladesh
24 90
6 5
19.4
11000
11111
11110
11100
11111
00001
Sudan
13 30
2 3
32.6
111
110
Finland
62 26
1 1
10.7
1
Vietnam
14 108
8 3
16.9
110
100
100
010
010
011
111
100
Iran
32 54
4 4
17.1
1111
1110
0111
0001
Thailand
16 101
6 2
10.5
10
11
11
11
10
10
Tanzania
-6 35
4 3
38.5
010
111
011
001
Colombia
5 -74
4 3
15.5
100
011
011
001
